1 2 1 5 0 6 0 7 0 7 1 7 2 6 0
1 4 1 0 6 7 1 4 5 7 7 0 0 1 0
5 5 5 5 0 4 6 6 5 7 1 3 1 2 3
0 4 2 7 5 6 4 5 3 1 6 1 4 0 3
1 0 1 2 6 5 0 5 3 4 0 1 7 5 5
3 1 5 7 6 3 5 2 7 0 7 4 3 1 6
5 4 0 2 0 5 4 3 1 4 2 5 4 3 5
3 6 3 6 5 1 0 7 3 3 6 1 3 2 2
0 0 2 6 7 6 6 2 7 2 1 7 6 4 6
5 7 4 1 5 3 7 2 3 0 6 5 0 4 6
0 4 3 7 7 7 1 2 1 3 4 0 7 5 0
4 5 2 5 1 3 7 5 2 7 0 6 7 6 5
1 7 3 3 1 6 7 1 7 6 1 6 1 0 3
1 5 1 6 1 3 1 6 2 2 4 1 0 3 5
2 2 3 2 4 1 0 4 5 5 3 0 1 5 6


F Operations:
F
4 10
2 2

F
-5 -12
2 2

F
18 -12
2 2

F
0 7
14 5

F
8 -5
14 5

F
0 0
10 3

F
0 0
-9 3


P Operations:
P
0 14 7 8
14 0 7 6

P
7 8 0 14
7 6 14 0

P
10 4 12 11
2 1 4 8

P
10 4 12 11
4 8 2 1

P
0 0 3 3
11 11 14 14

P
2 2 0 0
12 12 14 14

P
14 3 7 5
1 11 8 13

P
6 14 0 0
8 0 14 14

P
0 2 5 5
14 0 9 3

P
5 5 0 2
9 3 14 0


R Operations:
R
R 90
0 0 2 2
12 12 14 14

R
R 90
3 1 6 4
0 11 3 14

R
R 90
10 0 14 4
10 10 14 14

R
L 270
0 0 2 2
12 12 14 14

R
L 270
3 1 6 4
0 11 3 14

R
L 270
10 0 14 4
10 10 14 14

R
L 90
0 0 2 2
12 12 14 14

R
L 90
3 1 6 4
0 11 3 14

R
L 90
10 0 14 4
10 10 14 14

R
R 270
0 0 2 2
12 12 14 14

R
R 270
3 1 6 4
0 11 3 14

R
R 270
10 0 14 4
10 10 14 14

R
R 180
0 0 2 2
12 12 14 14

R
R 180
3 1 6 4
0 11 3 14

R
R 180
10 0 14 4
10 10 14 14

R
L 180
0 0 2 2
12 12 14 14

R
L 180
3 1 6 4
0 11 3 14

R
L 180
10 0 14 4
10 10 14 14
