6 5
34.66 41.04 40.72 
18.65 24.91 44.77 
41.03 39.09 22.84 
39.54 37.66 38.79 
25.26 33.25 33.71 
20.05 43.09 35.66 
32.93 20.37 29.52 
37.44 37.29 19.51 
25.10 28.39 28.71 
25.39 40.73 30.53 
24.75 28.46 26.07 
26.64 35.52 19.97 
20.69 39.34 21.07 
27.07 35.81 23.89 
26.55 40.36 21.04 
27.63 32.62 23.29 
41.09 38.01 35.95 
42.41 33.25 21.46 
32.92 24.97 21.43 
20.66 39.88 37.57 
42.24 25.47 28.87 
27.94 28.39 42.12 
36.05 44.89 20.22 
28.19 20.72 24.39 
43.31 32.40 35.16 
30.99 41.12 30.02 
22.70 39.08 22.22 
37.28 40.32 34.14 
22.64 43.77 26.06 
37.89 44.31 20.42 
6 5
1 6 5 5 1 
2 5 3 2 3 
6 4 1 4 6 
3 1 4 6 4 
5 3 6 1 2 
4 2 2 3 5 
37.75 59.67 80.48 22.83 35.64 11.11 76.63 85.54 64.56 43.36 27.28 66.69 41.71 29.47 27.86 
35.43 50.43 22.12 44.98 15.45 58.44 47.85 19.77 97.75 53.17 38.41 69.19 74.95 62.35 43.61 
79.70 24.62 74.24 25.11 49.93 64.40 29.07 94.86 10.41 73.84 58.34 22.25 59.79 17.27 11.00 
56.79 99.38 34.28 49.25 49.20 15.21 50.37 14.66 31.88 39.18 83.70 84.54 29.12 70.48 84.21 
11.35 33.81 96.26 18.17 61.74 16.01 88.37 83.25 39.49 50.32 79.39 98.86 28.81 77.92 55.66 
11.63 29.75 30.84 47.18 79.13 41.86 76.09 90.05 55.50 33.24 29.11 92.76 38.77 24.24 55.36 
47.36 48.90 97.57 67.58 40.34 47.81 18.51 92.57 66.93 24.69 80.36 86.41 12.23 16.38 62.50 
47.55 31.88 32.92 14.68 48.65 15.48 38.28 55.87 70.97 25.10 67.43 34.76 74.26 88.32 30.73 
72.42 31.73 54.84 36.71 71.44 16.10 20.47 20.35 52.88 22.68 34.79 89.64 33.15 78.99 75.49 
84.67 58.23 48.78 67.02 36.37 12.20 78.06 79.66 10.28 28.91 67.45 67.94 83.66 47.38 25.76 
51.66 31.87 58.40 23.93 87.92 12.18 37.15 95.78 78.80 82.18 77.03 26.42 29.93 73.93 26.13 
53.33 17.73 56.60 28.50 38.11 43.45 74.36 90.22 35.76 17.03 99.83 80.68 10.94 43.08 95.50 
96.34 13.87 11.76 96.85 91.12 50.15 29.98 23.59 63.50 63.71 53.30 69.63 60.17 79.99 57.48 
22.22 87.69 85.93 28.10 84.84 61.50 11.56 42.41 79.18 69.11 36.07 35.98 63.00 23.19 33.97 
36.79 24.32 96.10 10.25 25.79 86.48 63.46 36.01 24.56 18.39 15.20 33.13 72.11 14.02 25.62 
25 18 12 8 4 2