34.66 41.04 40.72 
18.65 24.91 44.77 
41.03 39.09 22.84 
39.54 37.66 38.79 
25.26 33.25 33.71 
20.05 43.09 35.66 
32.93 20.37 29.52 
37.44 37.29 19.51 
25.10 28.39 28.71 
25.39 40.73 30.53 
24.75 28.46 26.07 
26.64 35.52 19.97 
20.69 39.34 21.07 
27.07 35.81 23.89 
26.55 40.36 21.04 
27.63 32.62 23.29 
41.09 38.01 35.95 
42.41 33.25 21.46 
32.92 24.97 21.43 
20.66 39.88 37.57 
42.24 25.47 28.87 
27.94 28.39 42.12 
36.05 44.89 20.22 
28.19 20.72 24.39 
43.31 32.40 35.16 
30.99 41.12 30.02 
22.70 39.08 22.22 
37.28 40.32 34.14 
22.64 43.77 26.06 
37.89 44.31 20.42 
1 6 5 5 1 
2 5 3 2 3 
6 4 1 4 6 
3 1 4 6 4 
5 3 6 1 2 
4 2 2 3 5 
116.42 88.33 102.96 115.99 92.22 
98.80 82.82 94.24 82.20 96.65 
79.28 82.13 81.10 86.77 87.95 
83.54 115.05 97.12 79.32 98.11 
96.58 98.45 101.16 73.30 110.87 
102.13 84.00 111.74 92.47 102.62 
4 
1 3 0 3 3 1 
11.11 22.83 27.28 27.86 29.47 35.64 37.75 41.71 43.36 59.67 64.56 66.69 76.63 80.48 85.54 
85.54 80.48 76.63 66.69 64.56 59.67 43.36 41.71 37.75 35.64 29.47 27.86 27.28 22.83 11.11 
15.45 19.77 22.12 35.43 38.41 43.61 44.98 47.85 50.43 53.17 58.44 62.35 69.19 74.95 97.75 
97.75 74.95 69.19 62.35 58.44 53.17 50.43 47.85 44.98 43.61 38.41 35.43 22.12 19.77 15.45 
10.41 11.00 17.27 22.25 24.62 25.11 29.07 49.93 58.34 59.79 64.40 73.84 74.24 79.70 94.86 
94.86 79.70 74.24 73.84 64.40 59.79 58.34 49.93 29.07 25.11 24.62 22.25 17.27 11.00 10.41 
14.66 15.21 29.12 31.88 34.28 39.18 49.20 49.25 50.37 56.79 70.48 83.70 84.21 84.54 99.38 
99.38 84.54 84.21 83.70 70.48 56.79 50.37 49.25 49.20 39.18 34.28 31.88 29.12 15.21 14.66 
11.35 16.01 18.17 28.81 33.81 39.49 50.32 55.66 61.74 77.92 79.39 83.25 88.37 96.26 98.86 
98.86 96.26 88.37 83.25 79.39 77.92 61.74 55.66 50.32 39.49 33.81 28.81 18.17 16.01 11.35 
11.63 24.24 29.11 29.75 30.84 33.24 38.77 41.86 47.18 55.36 55.50 76.09 79.13 90.05 92.76 
92.76 90.05 79.13 76.09 55.50 55.36 47.18 41.86 38.77 33.24 30.84 29.75 29.11 24.24 11.63 
12.23 16.38 18.51 24.69 40.34 47.36 47.81 48.90 62.50 66.93 67.58 80.36 86.41 92.57 97.57 
97.57 92.57 86.41 80.36 67.58 66.93 62.50 48.90 47.81 47.36 40.34 24.69 18.51 16.38 12.23 
14.68 15.48 25.10 30.73 31.88 32.92 34.76 38.28 47.55 48.65 55.87 67.43 70.97 74.26 88.32 
88.32 74.26 70.97 67.43 55.87 48.65 47.55 38.28 34.76 32.92 31.88 30.73 25.10 15.48 14.68 
16.10 20.35 20.47 22.68 31.73 33.15 34.79 36.71 52.88 54.84 71.44 72.42 75.49 78.99 89.64 
89.64 78.99 75.49 72.42 71.44 54.84 52.88 36.71 34.79 33.15 31.73 22.68 20.47 20.35 16.10 
10.28 12.20 25.76 28.91 36.37 47.38 48.78 58.23 67.02 67.45 67.94 78.06 79.66 83.66 84.67 
84.67 83.66 79.66 78.06 67.94 67.45 67.02 58.23 48.78 47.38 36.37 28.91 25.76 12.20 10.28 
12.18 23.93 26.13 26.42 29.93 31.87 37.15 51.66 58.40 73.93 77.03 78.80 82.18 87.92 95.78 
95.78 87.92 82.18 78.80 77.03 73.93 58.40 51.66 37.15 31.87 29.93 26.42 26.13 23.93 12.18 
10.94 17.03 17.73 28.50 35.76 38.11 43.08 43.45 53.33 56.60 74.36 80.68 90.22 95.50 99.83 
99.83 95.50 90.22 80.68 74.36 56.60 53.33 43.45 43.08 38.11 35.76 28.50 17.73 17.03 10.94 
11.76 13.87 23.59 29.98 50.15 53.30 57.48 60.17 63.50 63.71 69.63 79.99 91.12 96.34 96.85 
96.85 96.34 91.12 79.99 69.63 63.71 63.50 60.17 57.48 53.30 50.15 29.98 23.59 13.87 11.76 
11.56 22.22 23.19 28.10 33.97 35.98 36.07 42.41 61.50 63.00 69.11 79.18 84.84 85.93 87.69 
87.69 85.93 84.84 79.18 69.11 63.00 61.50 42.41 36.07 35.98 33.97 28.10 23.19 22.22 11.56 
10.25 14.02 15.20 18.39 24.32 24.56 25.62 25.79 33.13 36.01 36.79 63.46 72.11 86.48 96.10 
96.10 86.48 72.11 63.46 36.79 36.01 33.13 25.79 25.62 24.56 24.32 18.39 15.20 14.02 10.25 
2 1 3 4 5 0 
17.62 23.13 31.85 65.64 61.21 
37.14 43.34 65.20 94.42 98.69 
32.88 6.16 12.00 48.67 42.78 
19.84 9.72 11.52 54.21 35.56 
14.29 18.62 9.84 33.36 22.96 
19.52 20.21 33.35 28.78 37.48 
15.26 -16.97 -19.85 -16.97 -18.43 
2.22 -13.41 -20.33 -11.43 -25.65 
-3.33 -4.51 -22.01 -32.28 -38.25 
-4.26 -37.18 -53.20 -45.75 -55.91 
-17.30 -33.62 -53.68 -40.21 -63.13 
-22.85 -24.72 -55.36 -61.06 -75.73 
-13.04 3.56 -0.48 5.54 -7.22 
-18.59 12.46 -2.16 -15.31 -19.82 
-5.55 8.90 -1.68 -20.85 -12.60 
60 64 45 55 61 60 
3 1 6 5 2 4 
